trial_no,block_name,setup_cost,setup_cost_investigate_red,setup_cost_investigate_blue,red_prior_prob,guilty_suspect_chosen,timing_valid,timing_error,choice_1,choice_2,choice_3,choice_4,choice_5,choice_6,choice_7,choice_8,choice_9,choice_10,choice_11,choice_12,choice_13,choice_14,choice_15,choice_16,choice_17,choice_18,choice_19,choice_20,choice_21,choice_22,choice_23,choice_24,choice_25,choice_26,choice_27,choice_28,choice_29,choice_30,choice_31,choice_32,choice_33,choice_34,choice_35,choice_36,choice_37,choice_38,choice_39,choice_40,choice_41,choice_42,choice_43,choice_44,choice_45,choice_46,choice_47,choice_48,choice_49,choice_50,choice_51,choice_52,choice_53,choice_54,choice_55,choice_56,choice_57,choice_58,choice_59,choice_60,choice_61,choice_62,timing_choice_1,timing_choice_2,timing_choice_3,timing_choice_4,timing_choice_5,timing_choice_6,timing_choice_7,timing_choice_8,timing_choice_9,timing_choice_10,timing_choice_11,timing_choice_12,timing_choice_13,timing_choice_14,timing_choice_15,timing_choice_16,timing_choice_17,timing_choice_18,timing_choice_19,timing_choice_20,timing_choice_21,timing_choice_22,timing_choice_23,timing_choice_24,timing_choice_25,timing_choice_26,timing_choice_27,timing_choice_28,timing_choice_29,timing_choice_30,timing_choice_31,timing_choice_32,timing_choice_33,timing_choice_34,timing_choice_35,timing_choice_36,timing_choice_37,timing_choice_38,timing_choice_39,timing_choice_40,timing_choice_41,timing_choice_42,timing_choice_43,timing_choice_44,timing_choice_45,timing_choice_46,timing_choice_47,timing_choice_48,timing_choice_49,timing_choice_50,timing_choice_51,timing_choice_52,timing_choice_53,timing_choice_54,timing_choice_55,timing_choice_56,timing_choice_57,timing_choice_58,timing_choice_59,timing_choice_60,timing_choice_61,timing_choice_62,evidence_red_1,evidence_red_2,evidence_red_3,evidence_red_4,evidence_red_5,evidence_red_6,evidence_red_7,evidence_red_8,evidence_red_9,evidence_red_10,evidence_red_11,evidence_red_12,evidence_red_13,evidence_red_14,evidence_red_15,evidence_red_16,evidence_red_17,evidence_red_18,evidence_red_19,evidence_red_20,evidence_red_21,evidence_red_22,evidence_red_23,evidence_red_24,evidence_red_25,evidence_red_26,evidence_red_27,evidence_red_28,evidence_red_29,evidence_red_30,evidence_blue_1,evidence_blue_2,evidence_blue_3,evidence_blue_4,evidence_blue_5,evidence_blue_6,evidence_blue_7,evidence_blue_8,evidence_blue_9,evidence_blue_10,evidence_blue_11,evidence_blue_12,evidence_blue_13,evidence_blue_14,evidence_blue_15,evidence_blue_16,evidence_blue_17,evidence_blue_18,evidence_blue_19,evidence_blue_20,evidence_blue_21,evidence_blue_22,evidence_blue_23,evidence_blue_24,evidence_blue_25,evidence_blue_26,evidence_blue_27,evidence_blue_28,evidence_blue_29,evidence_blue_30,num_evidences_total,final_evidence,suspect_accused,correct_suspect_accused,bonus_earned,trial_chosen_for_bonus,total_bonus_paid_cents
1,part1-guilty,3,,,0.3,blue,true,,investigate_blue,investigate_blue,investigate_red,accuse_blue,advance_to_next_trial,,,,,,,,,,,,,,,,,,,,,,,,,,,,,,,,,,,,,,,,,,,,,,,,,,,,,,,,,,4004.2405999999132,9701.963699999988,17166.58360000006,21180.20929999997,24063.942200000045,,,,,,,,,,,,,,,,,,,,,,,,,,,,,,,,,,,,,,,,,,,,,,,,,,,,,,,,,,0,,,,,,,,,,,,,,,,,,,,,,,,,,,,,,0,0,,,,,,,,,,,,,,,,,,,,,,,,,,,,,3,0,blue,true,,,
2,part1-guilty,1,,,0.1,blue,true,,investigate_red,accuse_blue,advance_to_next_trial,,,,,,,,,,,,,,,,,,,,,,,,,,,,,,,,,,,,,,,,,,,,,,,,,,,,,,,,,,,,5436.948200000024,8652.76979999996,10902.351799999937,,,,,,,,,,,,,,,,,,,,,,,,,,,,,,,,,,,,,,,,,,,,,,,,,,,,,,,,,,,,0,,,,,,,,,,,,,,,,,,,,,,,,,,,,,,,,,,,,,,,,,,,,,,,,,,,,,,,,,,,,1,0,blue,true,,,
3,part1-guilty,7,,,0.5,red,true,,investigate_red,investigate_red,investigate_blue,investigate_blue,investigate_blue,investigate_red,investigate_red,accuse_red,advance_to_next_trial,,,,,,,,,,,,,,,,,,,,,,,,,,,,,,,,,,,,,,,,,,,,,,,,,,,,,,3568.637299999988,5151.9638999999825,6268.647300000004,6784.406900000021,8299.874099999988,9082.77370000002,11263.6743,14377.976600000062,20442.622799999885,,,,,,,,,,,,,,,,,,,,,,,,,,,,,,,,,,,,,,,,,,,,,,,,,,,,,,0,0,0,0,,,,,,,,,,,,,,,,,,,,,,,,,,,0,0,0,,,,,,,,,,,,,,,,,,,,,,,,,,,,7,0,red,true,,,
4,part1-guilty,5,,,0.7,red,true,,investigate_blue,investigate_red,investigate_red,investigate_red,investigate_red,accuse_red,advance_to_next_trial,,,,,,,,,,,,,,,,,,,,,,,,,,,,,,,,,,,,,,,,,,,,,,,,,,,,,,,,3155.966500000016,4472.056400000013,6087.6730000000325,7187.592000000038,7788.049900000083,8753.930200000113,10388.693600000119,,,,,,,,,,,,,,,,,,,,,,,,,,,,,,,,,,,,,,,,,,,,,,,,,,,,,,,,1,0,0,1,,,,,,,,,,,,,,,,,,,,,,,,,,,0,,,,,,,,,,,,,,,,,,,,,,,,,,,,,,5,1,red,true,,,
5,part1-guilty,3,,,0.7,red,true,,investigate_blue,investigate_blue,investigate_blue,accuse_red,advance_to_next_trial,,,,,,,,,,,,,,,,,,,,,,,,,,,,,,,,,,,,,,,,,,,,,,,,,,,,,,,,,,5688.137300000154,6303.778800000181,6819.884700000199,7952.923300000247,9902.236400000307,,,,,,,,,,,,,,,,,,,,,,,,,,,,,,,,,,,,,,,,,,,,,,,,,,,,,,,,,,,,,,,,,,,,,,,,,,,,,,,,,,,,,,,,0,0,0,,,,,,,,,,,,,,,,,,,,,,,,,,,,3,0,red,true,,,
6,part1-guilty,7,,,0.1,blue,true,,investigate_red,investigate_red,investigate_red,investigate_red,investigate_red,investigate_red,investigate_red,accuse_blue,advance_to_next_trial,,,,,,,,,,,,,,,,,,,,,,,,,,,,,,,,,,,,,,,,,,,,,,,,,,,,,,4087.09959999992,4869.556399999948,5552.7686999999505,6102.764799999975,6685.3278999999775,7201.459399999861,7785.714399999853,9202.741599999863,10553.265999999694,,,,,,,,,,,,,,,,,,,,,,,,,,,,,,,,,,,,,,,,,,,,,,,,,,,,,,0,0,0,0,0,0,0,,,,,,,,,,,,,,,,,,,,,,,,,,,,,,,,,,,,,,,,,,,,,,,,,,,,,,7,0,blue,true,,,
7,part1-guilty,5,,,0.1,blue,true,,investigate_red,investigate_red,investigate_red,investigate_red,investigate_red,accuse_blue,advance_to_next_trial,,,,,,,,,,,,,,,,,,,,,,,,,,,,,,,,,,,,,,,,,,,,,,,,,,,,,,,,4071.1846000000096,4587.033199999988,5169.500199999986,5686.199699999965,7203.3077999999605,8420.156699999994,9854.96869999986,,,,,,,,,,,,,,,,,,,,,,,,,,,,,,,,,,,,,,,,,,,,,,,,,,,,,,,,0,0,0,0,0,,,,,,,,,,,,,,,,,,,,,,,,,,,,,,,,,,,,,,,,,,,,,,,,,,,,,,,,5,0,blue,true,,,
8,part1-guilty,1,,,0.7,red,true,,investigate_blue,accuse_red,advance_to_next_trial,,,,,,,,,,,,,,,,,,,,,,,,,,,,,,,,,,,,,,,,,,,,,,,,,,,,,,,,,,,,3721.4368000001446,6621.768800000077,7756.38639999996,,,,,,,,,,,,,,,,,,,,,,,,,,,,,,,,,,,,,,,,,,,,,,,,,,,,,,,,,,,,,,,,,,,,,,,,,,,,,,,,,,,,,,,,,,0,,,,,,,,,,,,,,,,,,,,,,,,,,,,,,1,0,red,true,,,
9,part1-guilty,7,,,0.3,blue,true,,investigate_red,investigate_red,investigate_red,investigate_red,investigate_red,investigate_red,investigate_red,accuse_blue,advance_to_next_trial,,,,,,,,,,,,,,,,,,,,,,,,,,,,,,,,,,,,,,,,,,,,,,,,,,,,,,2189.6652999998355,2723.8026999998424,3240.0952999997935,3740.233299999834,4256.793199999823,5290.425699999842,5939.3716999997805,7270.0336999998435,8321.892199999853,,,,,,,,,,,,,,,,,,,,,,,,,,,,,,,,,,,,,,,,,,,,,,,,,,,,,,0,0,0,0,0,0,0,,,,,,,,,,,,,,,,,,,,,,,,,,,,,,,,,,,,,,,,,,,,,,,,,,,,,,7,0,blue,true,,,
10,part1-guilty,9,,,0.9,red,true,,investigate_blue,investigate_blue,investigate_blue,investigate_blue,investigate_blue,investigate_blue,investigate_blue,investigate_blue,investigate_blue,accuse_red,advance_to_next_trial,,,,,,,,,,,,,,,,,,,,,,,,,,,,,,,,,,,,,,,,,,,,,,,,,,,,5487.45279999981,5987.774799999773,6487.982499999751,7004.092399999764,7504.292199999835,8004.496699999861,9153.941299999848,9669.65509999984,10219.452899999778,12218.799299999815,13719.328799999728,,,,,,,,,,,,,,,,,,,,,,,,,,,,,,,,,,,,,,,,,,,,,,,,,,,,,,,,,,,,,,,,,,,,,,,,,,,,,,,,,,0,0,0,0,0,0,0,0,0,,,,,,,,,,,,,,,,,,,,,,9,0,red,true,,,
11,part1-guilty,9,,,0.5,red,true,,investigate_red,investigate_red,investigate_red,investigate_red,investigate_red,investigate_red,investigate_red,investigate_red,investigate_red,accuse_red,advance_to_next_trial,,,,,,,,,,,,,,,,,,,,,,,,,,,,,,,,,,,,,,,,,,,,,,,,,,,,2453.4499999999716,2953.6770000000097,3703.5148000000017,4219.459400000003,5752.9274,6253.194699999967,6769.487900000079,7335.571400000045,7935.745200000106,8866.988600000079,10400.305300000122,,,,,,,,,,,,,,,,,,,,,,,,,,,,,,,,,,,,,,,,,,,,,,,,,,,,0,1,0,1,1,1,0,0,0,,,,,,,,,,,,,,,,,,,,,,,,,,,,,,,,,,,,,,,,,,,,,,,,,,,,9,1,red,true,,,
12,part1-guilty,9,,,0.1,blue,true,,investigate_red,investigate_red,investigate_red,investigate_red,investigate_red,investigate_red,investigate_red,investigate_red,investigate_red,accuse_blue,advance_to_next_trial,,,,,,,,,,,,,,,,,,,,,,,,,,,,,,,,,,,,,,,,,,,,,,,,,,,,4885.229400000209,6034.432100000166,6551.02310000018,7084.991800000202,7734.903700000121,8250.986500000085,8767.102600000197,9783.13470000025,10348.992300000296,13547.691600000084,15081.17459999998,,,,,,,,,,,,,,,,,,,,,,,,,,,,,,,,,,,,,,,,,,,,,,,,,,,,0,0,0,0,0,0,0,0,0,,,,,,,,,,,,,,,,,,,,,,,,,,,,,,,,,,,,,,,,,,,,,,,,,,,,9,0,blue,true,,,
13,part1-guilty,1,,,0.9,red,true,,investigate_blue,accuse_red,advance_to_next_trial,,,,,,,,,,,,,,,,,,,,,,,,,,,,,,,,,,,,,,,,,,,,,,,,,,,,,,,,,,,,4590.853999999892,6473.642199999726,8258.17849999979,,,,,,,,,,,,,,,,,,,,,,,,,,,,,,,,,,,,,,,,,,,,,,,,,,,,,,,,,,,,,,,,,,,,,,,,,,,,,,,,,,,,,,,,,,0,,,,,,,,,,,,,,,,,,,,,,,,,,,,,,1,0,red,true,,,
14,part1-guilty,5,,,0.9,red,true,,investigate_blue,investigate_blue,investigate_blue,investigate_blue,investigate_blue,accuse_red,advance_to_next_trial,,,,,,,,,,,,,,,,,,,,,,,,,,,,,,,,,,,,,,,,,,,,,,,,,,,,,,,,1923.848199999944,2990.517799999997,3756.4022000000136,4423.599299999981,5056.6404,6771.409900000054,8637.382400000026,,,,,,,,,,,,,,,,,,,,,,,,,,,,,,,,,,,,,,,,,,,,,,,,,,,,,,,,,,,,,,,,,,,,,,,,,,,,,,,,,,,,,,0,0,0,0,0,,,,,,,,,,,,,,,,,,,,,,,,,,5,0,red,true,,,
15,part1-guilty,5,,,0.3,blue,true,,investigate_red,investigate_red,investigate_red,investigate_red,investigate_red,accuse_blue,advance_to_next_trial,,,,,,,,,,,,,,,,,,,,,,,,,,,,,,,,,,,,,,,,,,,,,,,,,,,,,,,,4292.009300000088,4792.027500000102,5292.3693000001185,6259.015100000074,6909.2647000000525,7991.5785999999935,9475.479599999971,,,,,,,,,,,,,,,,,,,,,,,,,,,,,,,,,,,,,,,,,,,,,,,,,,,,,,,,0,0,0,0,0,,,,,,,,,,,,,,,,,,,,,,,,,,,,,,,,,,,,,,,,,,,,,,,,,,,,,,,,5,0,blue,true,,,
16,part1-guilty,3,,,0.9,blue,true,,investigate_blue,investigate_blue,investigate_blue,accuse_red,advance_to_next_trial,,,,,,,,,,,,,,,,,,,,,,,,,,,,,,,,,,,,,,,,,,,,,,,,,,,,,,,,,,3453.168100000099,4119.383600000213,4652.986200000233,6586.449100000313,10385.201500000241,,,,,,,,,,,,,,,,,,,,,,,,,,,,,,,,,,,,,,,,,,,,,,,,,,,,,,,,,,,,,,,,,,,,,,,,,,,,,,,,,,,,,,,,0,0,0,,,,,,,,,,,,,,,,,,,,,,,,,,,,3,0,red,false,,,
17,part1-guilty,9,,,0.3,blue,true,,investigate_red,investigate_red,investigate_red,investigate_red,investigate_red,investigate_red,investigate_red,investigate_red,investigate_red,accuse_blue,advance_to_next_trial,,,,,,,,,,,,,,,,,,,,,,,,,,,,,,,,,,,,,,,,,,,,,,,,,,,,3121.491400000096,3621.5521000000977,4454.699000000155,4971.256600000151,5471.287500000214,5987.309900000183,6503.859500000205,7004.127600000174,7554.505000000185,8470.541200000174,9488.90890000023,,,,,,,,,,,,,,,,,,,,,,,,,,,,,,,,,,,,,,,,,,,,,,,,,,,,0,0,0,0,0,0,0,0,0,,,,,,,,,,,,,,,,,,,,,,,,,,,,,,,,,,,,,,,,,,,,,,,,,,,,9,0,blue,true,,,
18,part1-guilty,3,,,0.5,red,true,,investigate_red,investigate_red,investigate_red,accuse_red,advance_to_next_trial,,,,,,,,,,,,,,,,,,,,,,,,,,,,,,,,,,,,,,,,,,,,,,,,,,,,,,,,,,4238.351700000065,4738.420600000048,5287.24620000005,6520.2074000000575,9535.666699999989,,,,,,,,,,,,,,,,,,,,,,,,,,,,,,,,,,,,,,,,,,,,,,,,,,,,,,,,,,1,0,0,,,,,,,,,,,,,,,,,,,,,,,,,,,,,,,,,,,,,,,,,,,,,,,,,,,,,,,,,,3,1,red,true,,,
19,part1-guilty,9,,,0.7,red,true,,investigate_blue,investigate_blue,investigate_blue,investigate_blue,investigate_blue,investigate_blue,investigate_blue,investigate_blue,investigate_blue,accuse_red,advance_to_next_trial,,,,,,,,,,,,,,,,,,,,,,,,,,,,,,,,,,,,,,,,,,,,,,,,,,,,2287.4936000000507,3253.584600000028,3902.4973000000055,4418.778699999971,4935.022899999928,5451.540699999918,5967.310299999832,6949.642299999832,7466.157099999802,8615.945099999775,10532.54069999957,,,,,,,,,,,,,,,,,,,,,,,,,,,,,,,,,,,,,,,,,,,,,,,,,,,,,,,,,,,,,,,,,,,,,,,,,,,,,,,,,,0,0,0,0,0,0,0,0,0,,,,,,,,,,,,,,,,,,,,,,9,0,red,true,,,
20,part1-guilty,3,,,0.1,blue,true,,investigate_red,investigate_red,investigate_red,accuse_blue,advance_to_next_trial,,,,,,,,,,,,,,,,,,,,,,,,,,,,,,,,,,,,,,,,,,,,,,,,,,,,,,,,,,2323.596099999838,2823.692399999825,3539.6866999999083,5237.6887999998935,6520.6330999999855,,,,,,,,,,,,,,,,,,,,,,,,,,,,,,,,,,,,,,,,,,,,,,,,,,,,,,,,,,0,0,0,,,,,,,,,,,,,,,,,,,,,,,,,,,,,,,,,,,,,,,,,,,,,,,,,,,,,,,,,,3,0,blue,true,,,
21,part1-guilty,7,,,0.7,blue,true,,investigate_blue,investigate_blue,investigate_blue,investigate_blue,investigate_blue,investigate_blue,investigate_blue,accuse_blue,advance_to_next_trial,,,,,,,,,,,,,,,,,,,,,,,,,,,,,,,,,,,,,,,,,,,,,,,,,,,,,,2041.299000000074,2824.066300000135,3339.6806000002084,3855.8752000001605,4371.730000000086,5236.719600000015,6770.836500000191,7953.810000000176,9572.126900000096,,,,,,,,,,,,,,,,,,,,,,,,,,,,,,,,,,,,,,,,,,,,,,,,,,,,,,,,,,,,,,,,,,,,,,,,,,,,,,,,,,,,0,0,0,1,0,1,1,,,,,,,,,,,,,,,,,,,,,,,,7,1,blue,true,,,
22,part1-guilty,1,,,0.3,red,true,,investigate_blue,accuse_blue,advance_to_next_trial,,,,,,,,,,,,,,,,,,,,,,,,,,,,,,,,,,,,,,,,,,,,,,,,,,,,,,,,,,,,11492.594666666453,13575.54076666644,14759.805766666486,,,,,,,,,,,,,,,,,,,,,,,,,,,,,,,,,,,,,,,,,,,,,,,,,,,,,,,,,,,,,,,,,,,,,,,,,,,,,,,,,,,,,,,,,,0,,,,,,,,,,,,,,,,,,,,,,,,,,,,,,1,0,blue,false,,,
23,part1-guilty,7,,,0.9,red,true,,investigate_blue,investigate_blue,investigate_blue,investigate_blue,investigate_blue,investigate_blue,investigate_blue,accuse_red,advance_to_next_trial,,,,,,,,,,,,,,,,,,,,,,,,,,,,,,,,,,,,,,,,,,,,,,,,,,,,,,2765.067399999979,3615.88100000001,4147.956500000016,4664.179899999985,5180.463500000015,6097.509600000013,6614.075000000057,8929.942500000017,10698.67920000016,,,,,,,,,,,,,,,,,,,,,,,,,,,,,,,,,,,,,,,,,,,,,,,,,,,,,,,,,,,,,,,,,,,,,,,,,,,,,,,,,,,,0,0,0,0,0,0,0,,,,,,,,,,,,,,,,,,,,,,,,7,0,red,true,,,
24,part1-guilty,1,,,0.5,blue,true,,investigate_red,accuse_blue,advance_to_next_trial,,,,,,,,,,,,,,,,,,,,,,,,,,,,,,,,,,,,,,,,,,,,,,,,,,,,,,,,,,,,2271.3630999999987,4735.183000000159,5985.963100000023,,,,,,,,,,,,,,,,,,,,,,,,,,,,,,,,,,,,,,,,,,,,,,,,,,,,,,,,,,,,0,,,,,,,,,,,,,,,,,,,,,,,,,,,,,,,,,,,,,,,,,,,,,,,,,,,,,,,,,,,,1,0,blue,true,,,
25,part1-guilty,5,,,0.5,blue,true,,investigate_red,investigate_red,investigate_red,investigate_red,investigate_red,accuse_blue,advance_to_next_trial,,,,,,,,,,,,,,,,,,,,,,,,,,,,,,,,,,,,,,,,,,,,,,,,,,,,,,,,2203.171799999976,2936.5141999999933,3486.0188000000203,4001.689600000019,4600.863499999996,6316.722099999968,7500.352999999837,,,,,,,,,,,,,,,,,,,,,,,,,,,,,,,,,,,,,,,,,,,,,,,,,,,,,,,,0,0,0,0,0,,,,,,,,,,,,,,,,,,,,,,,,,,,,,,,,,,,,,,,,,,,,,,,,,,,,,,,,5,0,blue,true,,,
1,part2-guilty,20,,,0.7,red,true,,investigate_red,investigate_red,investigate_red,investigate_red,investigate_red,investigate_red,accuse_blue,advance_to_next_trial,,,,,,,,,,,,,,,,,,,,,,,,,,,,,,,,,,,,,,,,,,,,,,,,,,,,,,,6488.351000000247,7338.650500000383,8821.592900000356,9837.702300000425,14285.861900000386,15069.86660000038,16885.515400000353,19851.167900000342,,,,,,,,,,,,,,,,,,,,,,,,,,,,,,,,,,,,,,,,,,,,,,,,,,,,,,,0,0,0,0,0,0,,,,,,,,,,,,,,,,,,,,,,,,,,,,,,,,,,,,,,,,,,,,,,,,,,,,,,,6,0,blue,false,,,
2,part2-guilty,5,,,0.1,blue,true,,investigate_blue,investigate_blue,investigate_blue,accuse_blue,advance_to_next_trial,,,,,,,,,,,,,,,,,,,,,,,,,,,,,,,,,,,,,,,,,,,,,,,,,,,,,,,,,,3624.539600000147,4557.389800000236,5173.965900000159,6489.00240000031,8072.697200000462,,,,,,,,,,,,,,,,,,,,,,,,,,,,,,,,,,,,,,,,,,,,,,,,,,,,,,,,,,,,,,,,,,,,,,,,,,,,,,,,,,,,,,,,0,0,1,,,,,,,,,,,,,,,,,,,,,,,,,,,,3,1,blue,true,,,
3,part2-guilty,10,,,0.7,red,true,,investigate_red,investigate_red,accuse_red,advance_to_next_trial,,,,,,,,,,,,,,,,,,,,,,,,,,,,,,,,,,,,,,,,,,,,,,,,,,,,,,,,,,,6654.427900000524,7170.292600000418,8903.056100000598,11003.355900000714,,,,,,,,,,,,,,,,,,,,,,,,,,,,,,,,,,,,,,,,,,,,,,,,,,,,,,,,,,,0,1,,,,,,,,,,,,,,,,,,,,,,,,,,,,,,,,,,,,,,,,,,,,,,,,,,,,,,,,,,,2,1,red,true,,,
4,part2-guilty,80,,,0.9,red,true,,accuse_red,advance_to_next_trial,,,,,,,,,,,,,,,,,,,,,,,,,,,,,,,,,,,,,,,,,,,,,,,,,,,,,,,,,,,,,4038.4372999995708,5156.669999999569,,,,,,,,,,,,,,,,,,,,,,,,,,,,,,,,,,,,,,,,,,,,,,,,,,,,,,,,,,,,,,,,,,,,,,,,,,,,,,,,,,,,,,,,,,,,,,,,,,,,,,,,,,,,,,,,,,,,,,,,,0,0,red,true,,,
5,part2-guilty,40,,,0.7,red,true,,investigate_red,investigate_red,investigate_red,investigate_red,investigate_red,investigate_red,investigate_red,accuse_blue,advance_to_next_trial,,,,,,,,,,,,,,,,,,,,,,,,,,,,,,,,,,,,,,,,,,,,,,,,,,,,,,4705.595399999931,5421.050399999844,6054.415999999767,6554.628999999756,7903.588099999692,8852.06989999956,11116.348399999231,12532.836599999422,13634.207099999707,,,,,,,,,,,,,,,,,,,,,,,,,,,,,,,,,,,,,,,,,,,,,,,,,,,,,,0,0,0,0,0,0,0,,,,,,,,,,,,,,,,,,,,,,,,,,,,,,,,,,,,,,,,,,,,,,,,,,,,,,7,0,blue,false,,,
6,part2-guilty,10,,,0.9,red,true,,accuse_red,advance_to_next_trial,,,,,,,,,,,,,,,,,,,,,,,,,,,,,,,,,,,,,,,,,,,,,,,,,,,,,,,,,,,,,4455.40609999987,5472.961299999755,,,,,,,,,,,,,,,,,,,,,,,,,,,,,,,,,,,,,,,,,,,,,,,,,,,,,,,,,,,,,,,,,,,,,,,,,,,,,,,,,,,,,,,,,,,,,,,,,,,,,,,,,,,,,,,,,,,,,,,,,0,0,red,true,,,
7,part2-guilty,5,,,0.5,red,true,,investigate_red,investigate_red,investigate_red,investigate_red,investigate_red,investigate_red,investigate_red,accuse_red,advance_to_next_trial,,,,,,,,,,,,,,,,,,,,,,,,,,,,,,,,,,,,,,,,,,,,,,,,,,,,,,3471.1736000002384,3987.5417000001776,4720.4431999999915,5286.797699999856,5803.277099999903,6519.6740999998165,7035.675199999859,8352.805499999797,10018.679699999802,,,,,,,,,,,,,,,,,,,,,,,,,,,,,,,,,,,,,,,,,,,,,,,,,,,,,,0,0,0,0,0,1,0,,,,,,,,,,,,,,,,,,,,,,,,,,,,,,,,,,,,,,,,,,,,,,,,,,,,,,7,1,red,true,,,
8,part2-guilty,80,,,0.5,blue,true,,investigate_red,investigate_red,investigate_red,investigate_red,investigate_red,investigate_red,accuse_blue,advance_to_next_trial,,,,,,,,,,,,,,,,,,,,,,,,,,,,,,,,,,,,,,,,,,,,,,,,,,,,,,,3472.9220000000896,3989.2971000000707,4955.981800000218,5638.804000000133,6371.606200000251,7004.116500000309,9304.228600000448,10388.055100000507,,,,,,,,,,,,,,,,,,,,,,,,,,,,,,,,,,,,,,,,,,,,,,,,,,,,,,,0,0,0,0,0,0,,,,,,,,,,,,,,,,,,,,,,,,,,,,,,,,,,,,,,,,,,,,,,,,,,,,,,,6,0,blue,true,,,
9,part2-guilty,40,,,0.1,blue,true,,accuse_blue,advance_to_next_trial,,,,,,,,,,,,,,,,,,,,,,,,,,,,,,,,,,,,,,,,,,,,,,,,,,,,,,,,,,,,,2838.28370000005,3839.7917000001858,,,,,,,,,,,,,,,,,,,,,,,,,,,,,,,,,,,,,,,,,,,,,,,,,,,,,,,,,,,,,,,,,,,,,,,,,,,,,,,,,,,,,,,,,,,,,,,,,,,,,,,,,,,,,,,,,,,,,,,,,0,0,blue,true,,,
10,part2-guilty,5,,,0.3,red,true,,investigate_blue,investigate_blue,investigate_blue,investigate_blue,investigate_blue,investigate_blue,investigate_blue,investigate_blue,accuse_red,advance_to_next_trial,,,,,,,,,,,,,,,,,,,,,,,,,,,,,,,,,,,,,,,,,,,,,,,,,,,,,2973.1102999999057,3556.67059999987,4190.367999999921,4856.02629999986,6371.537399999909,7354.390099999795,7870.506799999844,8370.646999999799,10403.594599999862,11537.373400000108,,,,,,,,,,,,,,,,,,,,,,,,,,,,,,,,,,,,,,,,,,,,,,,,,,,,,,,,,,,,,,,,,,,,,,,,,,,,,,,,,,,0,0,0,0,0,0,0,0,,,,,,,,,,,,,,,,,,,,,,,8,0,red,true,,,
11,part2-guilty,10,,,0.5,red,true,,investigate_red,investigate_red,investigate_red,investigate_red,investigate_red,investigate_red,investigate_red,investigate_red,accuse_blue,advance_to_next_trial,,,,,,,,,,,,,,,,,,,,,,,,,,,,,,,,,,,,,,,,,,,,,,,,,,,,,3504.124700000151,4320.564400000068,5054.193899999781,5570.1265999997595,6286.634799999739,6787.014699999634,7302.555899999598,8684.802799999372,10383.51779999917,12618.372099998845,,,,,,,,,,,,,,,,,,,,,,,,,,,,,,,,,,,,,,,,,,,,,,,,,,,,,0,0,0,0,0,0,0,0,,,,,,,,,,,,,,,,,,,,,,,,,,,,,,,,,,,,,,,,,,,,,,,,,,,,,8,0,blue,false,,,
12,part2-guilty,40,,,0.5,red,true,,investigate_red,investigate_red,investigate_red,investigate_red,investigate_red,accuse_red,advance_to_next_trial,,,,,,,,,,,,,,,,,,,,,,,,,,,,,,,,,,,,,,,,,,,,,,,,,,,,,,,,5321.735399999995,5837.721699999974,6338.418199999868,6854.503099999978,7354.699499999981,8886.690499999782,10136.702299999863,,,,,,,,,,,,,,,,,,,,,,,,,,,,,,,,,,,,,,,,,,,,,,,,,,,,,,,,0,0,0,1,1,,,,,,,,,,,,,,,,,,,,,,,,,,,,,,,,,,,,,,,,,,,,,,,,,,,,,,,,5,1,red,true,,,
13,part2-guilty,40,,,0.9,red,true,,investigate_red,accuse_red,advance_to_next_trial,,,,,,,,,,,,,,,,,,,,,,,,,,,,,,,,,,,,,,,,,,,,,,,,,,,,,,,,,,,,2191.7292999997726,5306.739699999567,6508.925199999619,,,,,,,,,,,,,,,,,,,,,,,,,,,,,,,,,,,,,,,,,,,,,,,,,,,,,,,,,,,,0,,,,,,,,,,,,,,,,,,,,,,,,,,,,,,,,,,,,,,,,,,,,,,,,,,,,,,,,,,,,1,0,red,true,,,
14,part2-guilty,5,,,0.7,red,true,,investigate_red,investigate_red,accuse_red,advance_to_next_trial,,,,,,,,,,,,,,,,,,,,,,,,,,,,,,,,,,,,,,,,,,,,,,,,,,,,,,,,,,,2423.1024999996525,2939.5170999996376,4387.769999999425,5755.831999999521,,,,,,,,,,,,,,,,,,,,,,,,,,,,,,,,,,,,,,,,,,,,,,,,,,,,,,,,,,,0,1,,,,,,,,,,,,,,,,,,,,,,,,,,,,,,,,,,,,,,,,,,,,,,,,,,,,,,,,,,,2,1,red,true,,,
15,part2-guilty,20,,,0.5,red,true,,investigate_red,investigate_red,investigate_red,investigate_red,investigate_red,investigate_red,investigate_red,investigate_red,accuse_red,advance_to_next_trial,,,,,,,,,,,,,,,,,,,,,,,,,,,,,,,,,,,,,,,,,,,,,,,,,,,,,2154.438399999961,2671.7055000000164,3171.8095999998745,3688.2085999998626,4204.61059999976,5104.0204999997295,5953.604799999752,6685.972699999743,7602.150999999678,8820.838699999647,,,,,,,,,,,,,,,,,,,,,,,,,,,,,,,,,,,,,,,,,,,,,,,,,,,,,0,0,0,0,0,0,0,0,,,,,,,,,,,,,,,,,,,,,,,,,,,,,,,,,,,,,,,,,,,,,,,,,,,,,8,0,red,true,,,
16,part2-guilty,20,,,0.1,red,true,,accuse_blue,advance_to_next_trial,,,,,,,,,,,,,,,,,,,,,,,,,,,,,,,,,,,,,,,,,,,,,,,,,,,,,,,,,,,,,2457.884399999934,4058.79820000003,,,,,,,,,,,,,,,,,,,,,,,,,,,,,,,,,,,,,,,,,,,,,,,,,,,,,,,,,,,,,,,,,,,,,,,,,,,,,,,,,,,,,,,,,,,,,,,,,,,,,,,,,,,,,,,,,,,,,,,,,0,0,blue,false,,,
17,part2-guilty,10,,,0.1,blue,true,,accuse_blue,advance_to_next_trial,,,,,,,,,,,,,,,,,,,,,,,,,,,,,,,,,,,,,,,,,,,,,,,,,,,,,,,,,,,,,1840.0583999998748,2857.757099999801,,,,,,,,,,,,,,,,,,,,,,,,,,,,,,,,,,,,,,,,,,,,,,,,,,,,,,,,,,,,,,,,,,,,,,,,,,,,,,,,,,,,,,,,,,,,,,,,,,,,,,,,,,,,,,,,,,,,,,,,,0,0,blue,true,,,
18,part2-guilty,80,,,0.1,blue,true,,accuse_blue,advance_to_next_trial,,,,,,,,,,,,,,,,,,,,,,,,,,,,,,,,,,,,,,,,,,,,,,,,,,,,,,,,,,,,,2173.3463000000224,3207.2340000000795,,,,,,,,,,,,,,,,,,,,,,,,,,,,,,,,,,,,,,,,,,,,,,,,,,,,,,,,,,,,,,,,,,,,,,,,,,,,,,,,,,,,,,,,,,,,,,,,,,,,,,,,,,,,,,,,,,,,,,,,,0,0,blue,true,,,
19,part2-guilty,80,,,0.3,blue,true,,investigate_blue,investigate_blue,accuse_blue,advance_to_next_trial,,,,,,,,,,,,,,,,,,,,,,,,,,,,,,,,,,,,,,,,,,,,,,,,,,,,,,,,,,,2367.1977000000984,2899.34100000021,4248.5769999999875,5314.6851999998635,,,,,,,,,,,,,,,,,,,,,,,,,,,,,,,,,,,,,,,,,,,,,,,,,,,,,,,,,,,,,,,,,,,,,,,,,,,,,,,,,,,,,,,,,0,1,,,,,,,,,,,,,,,,,,,,,,,,,,,,,2,1,blue,true,,,
20,part2-guilty,80,,,0.7,red,true,,investigate_red,accuse_red,advance_to_next_trial,,,,,,,,,,,,,,,,,,,,,,,,,,,,,,,,,,,,,,,,,,,,,,,,,,,,,,,,,,,,2965.2607000000894,4597.481300000068,5998.947300000076,,,,,,,,,,,,,,,,,,,,,,,,,,,,,,,,,,,,,,,,,,,,,,,,,,,,,,,,,,,,1,,,,,,,,,,,,,,,,,,,,,,,,,,,,,,,,,,,,,,,,,,,,,,,,,,,,,,,,,,,,1,1,red,true,,,
21,part2-guilty,40,,,0.3,blue,true,,investigate_blue,investigate_blue,investigate_blue,investigate_blue,investigate_blue,accuse_blue,advance_to_next_trial,,,,,,,,,,,,,,,,,,,,,,,,,,,,,,,,,,,,,,,,,,,,,,,,,,,,,,,,2523.2978999997595,3090.011799999789,3590.945599999799,4107.107999999805,4622.629699999557,5856.732399999704,6988.88709999987,,,,,,,,,,,,,,,,,,,,,,,,,,,,,,,,,,,,,,,,,,,,,,,,,,,,,,,,,,,,,,,,,,,,,,,,,,,,,,,,,,,,,,0,0,0,0,1,,,,,,,,,,,,,,,,,,,,,,,,,,5,1,blue,true,,,
22,part2-guilty,5,,,0.9,red,true,,accuse_red,advance_to_next_trial,,,,,,,,,,,,,,,,,,,,,,,,,,,,,,,,,,,,,,,,,,,,,,,,,,,,,,,,,,,,,3438.351300000004,4455.653299999956,,,,,,,,,,,,,,,,,,,,,,,,,,,,,,,,,,,,,,,,,,,,,,,,,,,,,,,,,,,,,,,,,,,,,,,,,,,,,,,,,,,,,,,,,,,,,,,,,,,,,,,,,,,,,,,,,,,,,,,,,0,0,red,true,,,
23,part2-guilty,20,,,0.9,red,true,,accuse_red,advance_to_next_trial,,,,,,,,,,,,,,,,,,,,,,,,,,,,,,,,,,,,,,,,,,,,,,,,,,,,,,,,,,,,,2624.214899999938,4325.492499999934,,,,,,,,,,,,,,,,,,,,,,,,,,,,,,,,,,,,,,,,,,,,,,,,,,,,,,,,,,,,,,,,,,,,,,,,,,,,,,,,,,,,,,,,,,,,,,,,,,,,,,,,,,,,,,,,,,,,,,,,,0,0,red,true,,,
24,part2-guilty,20,,,0.3,red,true,,investigate_blue,investigate_blue,investigate_blue,investigate_blue,investigate_blue,investigate_blue,investigate_blue,investigate_blue,investigate_blue,accuse_red,advance_to_next_trial,,,,,,,,,,,,,,,,,,,,,,,,,,,,,,,,,,,,,,,,,,,,,,,,,,,,2091.1426999999203,2607.993799999891,3124.3569999998194,3625.068299999645,4958.405399999689,5474.809399999737,5975.186399999876,6592.546899999883,7442.0963000000775,8891.423499999935,9923.671399999888,,,,,,,,,,,,,,,,,,,,,,,,,,,,,,,,,,,,,,,,,,,,,,,,,,,,,,,,,,,,,,,,,,,,,,,,,,,,,,,,,,0,0,0,0,0,0,0,0,0,,,,,,,,,,,,,,,,,,,,,,9,0,red,true,,,
25,part2-guilty,10,,,0.3,blue,true,,investigate_blue,accuse_blue,advance_to_next_trial,,,,,,,,,,,,,,,,,,,,,,,,,,,,,,,,,,,,,,,,,,,,,,,,,,,,,,,,,,,,2457.1121999999973,3855.7823000001717,5207.36130000022,,,,,,,,,,,,,,,,,,,,,,,,,,,,,,,,,,,,,,,,,,,,,,,,,,,,,,,,,,,,,,,,,,,,,,,,,,,,,,,,,,,,,,,,,,1,,,,,,,,,,,,,,,,,,,,,,,,,,,,,,1,1,blue,true,,,
1,part3-guilty,,24,16,0.3,red,true,,investigate_blue,investigate_blue,investigate_blue,investigate_blue,investigate_blue,investigate_blue,investigate_blue,investigate_blue,accuse_red,advance_to_next_trial,,,,,,,,,,,,,,,,,,,,,,,,,,,,,,,,,,,,,,,,,,,,,,,,,,,,,5106.203400000496,5805.316800000411,6321.368300000318,6837.991100000261,7354.083000000351,7870.410700000396,8453.692300000415,8970.083200000268,10352.41190000023,11866.41020000014,,,,,,,,,,,,,,,,,,,,,,,,,,,,,,,,,,,,,,,,,,,,,,,,,,,,,,,,,,,,,,,,,,,,,,,,,,,,,,,,,,,0,0,0,0,0,0,0,0,,,,,,,,,,,,,,,,,,,,,,,8,0,red,true,,,
2,part3-guilty,,6,4,0.9,red,true,,accuse_red,advance_to_next_trial,,,,,,,,,,,,,,,,,,,,,,,,,,,,,,,,,,,,,,,,,,,,,,,,,,,,,,,,,,,,,4322.596900000074,5473.311100000118,,,,,,,,,,,,,,,,,,,,,,,,,,,,,,,,,,,,,,,,,,,,,,,,,,,,,,,,,,,,,,,,,,,,,,,,,,,,,,,,,,,,,,,,,,,,,,,,,,,,,,,,,,,,,,,,,,,,,,,,,0,0,red,true,,,
3,part3-guilty,,16,24,0.5,red,true,,investigate_red,investigate_red,investigate_red,accuse_red,advance_to_next_trial,,,,,,,,,,,,,,,,,,,,,,,,,,,,,,,,,,,,,,,,,,,,,,,,,,,,,,,,,,2641.0411000000763,3157.7640000000465,4056.7522000000213,5455.174000000052,7154.984299999923,,,,,,,,,,,,,,,,,,,,,,,,,,,,,,,,,,,,,,,,,,,,,,,,,,,,,,,,,,0,0,1,,,,,,,,,,,,,,,,,,,,,,,,,,,,,,,,,,,,,,,,,,,,,,,,,,,,,,,,,,3,1,red,true,,,
4,part3-guilty,,4,6,0.3,blue,true,,investigate_blue,investigate_blue,investigate_blue,investigate_blue,investigate_blue,investigate_blue,investigate_blue,accuse_blue,advance_to_next_trial,,,,,,,,,,,,,,,,,,,,,,,,,,,,,,,,,,,,,,,,,,,,,,,,,,,,,,3688.319300000009,4221.538300000073,4722.245600000094,5222.398499999975,5738.337600000085,6238.547500000134,6738.83840000025,7905.376900000485,9073.033400000504,,,,,,,,,,,,,,,,,,,,,,,,,,,,,,,,,,,,,,,,,,,,,,,,,,,,,,,,,,,,,,,,,,,,,,,,,,,,,,,,,,,,0,0,0,0,0,0,1,,,,,,,,,,,,,,,,,,,,,,,,7,1,blue,true,,,
5,part3-guilty,,64,96,0.3,blue,true,,accuse_blue,advance_to_next_trial,,,,,,,,,,,,,,,,,,,,,,,,,,,,,,,,,,,,,,,,,,,,,,,,,,,,,,,,,,,,,4057.4624000001354,5258.685799999979,,,,,,,,,,,,,,,,,,,,,,,,,,,,,,,,,,,,,,,,,,,,,,,,,,,,,,,,,,,,,,,,,,,,,,,,,,,,,,,,,,,,,,,,,,,,,,,,,,,,,,,,,,,,,,,,,,,,,,,,,0,0,blue,true,,,
6,part3-guilty,,64,96,0.5,blue,true,,investigate_red,investigate_red,investigate_red,investigate_red,investigate_red,investigate_red,investigate_red,investigate_red,accuse_blue,advance_to_next_trial,,,,,,,,,,,,,,,,,,,,,,,,,,,,,,,,,,,,,,,,,,,,,,,,,,,,,2405.84890000004,2905.9288000000856,3421.58820000016,4071.1318000000897,4587.3205999998845,5103.060799999874,5619.554199999886,6285.580999999911,7700.76659999996,9085.02650000005,,,,,,,,,,,,,,,,,,,,,,,,,,,,,,,,,,,,,,,,,,,,,,,,,,,,,0,0,0,0,0,0,0,,,,,,,,,,,,,,,,,,,,,,,,,,,,,,,,,,,,,,,,,,,,,,,,,,,,,,7,0,blue,true,,,
7,part3-guilty,,96,64,0.1,blue,true,,accuse_blue,advance_to_next_trial,,,,,,,,,,,,,,,,,,,,,,,,,,,,,,,,,,,,,,,,,,,,,,,,,,,,,,,,,,,,,3870.2761999999625,4921.583199999784,,,,,,,,,,,,,,,,,,,,,,,,,,,,,,,,,,,,,,,,,,,,,,,,,,,,,,,,,,,,,,,,,,,,,,,,,,,,,,,,,,,,,,,,,,,,,,,,,,,,,,,,,,,,,,,,,,,,,,,,,0,0,blue,true,,,
8,part3-guilty,,24,16,0.9,red,true,,accuse_red,advance_to_next_trial,,,,,,,,,,,,,,,,,,,,,,,,,,,,,,,,,,,,,,,,,,,,,,,,,,,,,,,,,,,,,3273.7620999998194,4374.95879999998,,,,,,,,,,,,,,,,,,,,,,,,,,,,,,,,,,,,,,,,,,,,,,,,,,,,,,,,,,,,,,,,,,,,,,,,,,,,,,,,,,,,,,,,,,,,,,,,,,,,,,,,,,,,,,,,,,,,,,,,,0,0,red,true,,,
9,part3-guilty,,4,6,0.9,red,true,,investigate_red,investigate_red,investigate_red,accuse_red,advance_to_next_trial,,,,,,,,,,,,,,,,,,,,,,,,,,,,,,,,,,,,,,,,,,,,,,,,,,,,,,,,,,3773.6724000000854,4290.158800000242,5222.512500000139,6420.998300000148,7755.499800000042,,,,,,,,,,,,,,,,,,,,,,,,,,,,,,,,,,,,,,,,,,,,,,,,,,,,,,,,,,0,0,1,,,,,,,,,,,,,,,,,,,,,,,,,,,,,,,,,,,,,,,,,,,,,,,,,,,,,,,,,,3,1,red,true,,,
10,part3-guilty,,64,96,0.9,red,true,,investigate_red,accuse_red,advance_to_next_trial,,,,,,,,,,,,,,,,,,,,,,,,,,,,,,,,,,,,,,,,,,,,,,,,,,,,,,,,,,,,2623.0048999996634,4222.31379999961,5373.843499999683,,,,,,,,,,,,,,,,,,,,,,,,,,,,,,,,,,,,,,,,,,,,,,,,,,,,,,,,,,,,0,,,,,,,,,,,,,,,,,,,,,,,,,,,,,,,,,,,,,,,,,,,,,,,,,,,,,,,,,,,,1,0,red,true,,,
11,part3-guilty,,96,64,0.5,blue,true,,investigate_blue,accuse_blue,advance_to_next_trial,,,,,,,,,,,,,,,,,,,,,,,,,,,,,,,,,,,,,,,,,,,,,,,,,,,,,,,,,,,,3022.019900000201,4655.505100000129,6005.584100000108,,,,,,,,,,,,,,,,,,,,,,,,,,,,,,,,,,,,,,,,,,,,,,,,,,,,,,,,,,,,,,,,,,,,,,,,,,,,,,,,,,,,,,,,,,1,,,,,,,,,,,,,,,,,,,,,,,,,,,,,,1,1,blue,true,,,
12,part3-guilty,,6,4,0.7,blue,true,,investigate_red,investigate_red,investigate_red,investigate_red,investigate_red,investigate_red,investigate_red,investigate_red,investigate_red,investigate_red,accuse_blue,advance_to_next_trial,,,,,,,,,,,,,,,,,,,,,,,,,,,,,,,,,,,,,,,,,,,,,,,,,,,3505.9605000003494,4006.054400000304,4506.071100000422,5088.498300000397,5604.684300000325,6337.177500000269,6920.029700000453,7552.614600000459,9468.606100000412,9985.289200000332,11750.694100000474,12769.223000000593,,,,,,,,,,,,,,,,,,,,,,,,,,,,,,,,,,,,,,,,,,,,,,,,,,,0,0,0,0,0,0,0,0,0,0,,,,,,,,,,,,,,,,,,,,,,,,,,,,,,,,,,,,,,,,,,,,,,,,,,,10,0,blue,true,,,
13,part3-guilty,,6,4,0.5,blue,true,,investigate_blue,accuse_blue,advance_to_next_trial,,,,,,,,,,,,,,,,,,,,,,,,,,,,,,,,,,,,,,,,,,,,,,,,,,,,,,,,,,,,2972.613800000178,4388.136900000322,5672.375500000283,,,,,,,,,,,,,,,,,,,,,,,,,,,,,,,,,,,,,,,,,,,,,,,,,,,,,,,,,,,,,,,,,,,,,,,,,,,,,,,,,,,,,,,,,,1,,,,,,,,,,,,,,,,,,,,,,,,,,,,,,1,1,blue,true,,,
14,part3-guilty,,12,8,0.1,blue,true,,accuse_blue,advance_to_next_trial,,,,,,,,,,,,,,,,,,,,,,,,,,,,,,,,,,,,,,,,,,,,,,,,,,,,,,,,,,,,,3522.2695000000417,4574.152600000114,,,,,,,,,,,,,,,,,,,,,,,,,,,,,,,,,,,,,,,,,,,,,,,,,,,,,,,,,,,,,,,,,,,,,,,,,,,,,,,,,,,,,,,,,,,,,,,,,,,,,,,,,,,,,,,,,,,,,,,,,0,0,blue,true,,,
15,part3-guilty,,96,64,0.9,red,true,,accuse_red,advance_to_next_trial,,,,,,,,,,,,,,,,,,,,,,,,,,,,,,,,,,,,,,,,,,,,,,,,,,,,,,,,,,,,,3241.26970000012,4259.532599999872,,,,,,,,,,,,,,,,,,,,,,,,,,,,,,,,,,,,,,,,,,,,,,,,,,,,,,,,,,,,,,,,,,,,,,,,,,,,,,,,,,,,,,,,,,,,,,,,,,,,,,,,,,,,,,,,,,,,,,,,,0,0,red,true,,,
16,part3-guilty,,48,32,0.7,red,true,,accuse_red,advance_to_next_trial,,,,,,,,,,,,,,,,,,,,,,,,,,,,,,,,,,,,,,,,,,,,,,,,,,,,,,,,,,,,,3724.031699999993,4792.5302999999485,,,,,,,,,,,,,,,,,,,,,,,,,,,,,,,,,,,,,,,,,,,,,,,,,,,,,,,,,,,,,,,,,,,,,,,,,,,,,,,,,,,,,,,,,,,,,,,,,,,,,,,,,,,,,,,,,,,,,,,,,0,0,red,true,,,
17,part3-guilty,,32,48,0.1,blue,true,,accuse_blue,advance_to_next_trial,,,,,,,,,,,,,,,,,,,,,,,,,,,,,,,,,,,,,,,,,,,,,,,,,,,,,,,,,,,,,2224.3891999998714,3324.8568999998975,,,,,,,,,,,,,,,,,,,,,,,,,,,,,,,,,,,,,,,,,,,,,,,,,,,,,,,,,,,,,,,,,,,,,,,,,,,,,,,,,,,,,,,,,,,,,,,,,,,,,,,,,,,,,,,,,,,,,,,,,0,0,blue,true,,,
18,part3-guilty,,12,8,0.7,red,true,,investigate_red,investigate_red,investigate_red,accuse_red,advance_to_next_trial,,,,,,,,,,,,,,,,,,,,,,,,,,,,,,,,,,,,,,,,,,,,,,,,,,,,,,,,,,8299.164600005448,9114.918700005317,9930.238400005219,11079.265200005098,12246.739200004913,,,,,,,,,,,,,,,,,,,,,,,,,,,,,,,,,,,,,,,,,,,,,,,,,,,,,,,,,,0,0,1,,,,,,,,,,,,,,,,,,,,,,,,,,,,,,,,,,,,,,,,,,,,,,,,,,,,,,,,,,3,1,red,true,,,
19,part3-guilty,,8,12,0.5,red,true,,investigate_red,investigate_red,investigate_red,investigate_red,investigate_red,investigate_red,investigate_red,investigate_red,accuse_red,advance_to_next_trial,,,,,,,,,,,,,,,,,,,,,,,,,,,,,,,,,,,,,,,,,,,,,,,,,,,,,2506.4329000000726,3022.831600000058,3523.082300000044,4023.14950000015,4572.30190000024,5088.308900000186,5888.227000000045,6588.239599999896,8437.698199999902,9938.959699999696,,,,,,,,,,,,,,,,,,,,,,,,,,,,,,,,,,,,,,,,,,,,,,,,,,,,,0,0,0,0,0,0,0,1,,,,,,,,,,,,,,,,,,,,,,,,,,,,,,,,,,,,,,,,,,,,,,,,,,,,,8,1,red,true,,,
20,part3-guilty,,64,96,0.7,blue,true,,accuse_red,advance_to_next_trial,,,,,,,,,,,,,,,,,,,,,,,,,,,,,,,,,,,,,,,,,,,,,,,,,,,,,,,,,,,,,3007.993099999846,4091.961499999509,,,,,,,,,,,,,,,,,,,,,,,,,,,,,,,,,,,,,,,,,,,,,,,,,,,,,,,,,,,,,,,,,,,,,,,,,,,,,,,,,,,,,,,,,,,,,,,,,,,,,,,,,,,,,,,,,,,,,,,,,0,0,red,false,,,
21,part3-guilty,,96,64,0.7,blue,true,,accuse_red,advance_to_next_trial,,,,,,,,,,,,,,,,,,,,,,,,,,,,,,,,,,,,,,,,,,,,,,,,,,,,,,,,,,,,,4273.621499999984,5291.002699999799,,,,,,,,,,,,,,,,,,,,,,,,,,,,,,,,,,,,,,,,,,,,,,,,,,,,,,,,,,,,,,,,,,,,,,,,,,,,,,,,,,,,,,,,,,,,,,,,,,,,,,,,,,,,,,,,,,,,,,,,,0,0,red,false,,,
22,part3-guilty,,48,32,0.1,blue,true,,accuse_blue,advance_to_next_trial,,,,,,,,,,,,,,,,,,,,,,,,,,,,,,,,,,,,,,,,,,,,,,,,,,,,,,,,,,,,,2458.6808999997916,3493.8275999997973,,,,,,,,,,,,,,,,,,,,,,,,,,,,,,,,,,,,,,,,,,,,,,,,,,,,,,,,,,,,,,,,,,,,,,,,,,,,,,,,,,,,,,,,,,,,,,,,,,,,,,,,,,,,,,,,,,,,,,,,,0,0,blue,true,,,
23,part3-guilty,,32,48,0.3,blue,true,,accuse_blue,advance_to_next_trial,,,,,,,,,,,,,,,,,,,,,,,,,,,,,,,,,,,,,,,,,,,,,,,,,,,,,,,,,,,,,4072.960500000138,5558.584099999977,,,,,,,,,,,,,,,,,,,,,,,,,,,,,,,,,,,,,,,,,,,,,,,,,,,,,,,,,,,,,,,,,,,,,,,,,,,,,,,,,,,,,,,,,,,,,,,,,,,,,,,,,,,,,,,,,,,,,,,,,0,0,blue,true,,,
24,part3-guilty,,6,4,0.1,blue,true,,investigate_blue,investigate_blue,investigate_blue,investigate_blue,accuse_blue,advance_to_next_trial,,,,,,,,,,,,,,,,,,,,,,,,,,,,,,,,,,,,,,,,,,,,,,,,,,,,,,,,,4304.721100000267,4821.109300000205,5321.136500000274,5837.327600000261,6669.927900000171,7920.591000000013,,,,,,,,,,,,,,,,,,,,,,,,,,,,,,,,,,,,,,,,,,,,,,,,,,,,,,,,,,,,,,,,,,,,,,,,,,,,,,,,,,,,,,,0,0,1,0,,,,,,,,,,,,,,,,,,,,,,,,,,,4,1,blue,true,,,
25,part3-guilty,,32,48,0.7,red,true,,accuse_red,advance_to_next_trial,,,,,,,,,,,,,,,,,,,,,,,,,,,,,,,,,,,,,,,,,,,,,,,,,,,,,,,,,,,,,3520.323700000275,4688.388900000263,,,,,,,,,,,,,,,,,,,,,,,,,,,,,,,,,,,,,,,,,,,,,,,,,,,,,,,,,,,,,,,,,,,,,,,,,,,,,,,,,,,,,,,,,,,,,,,,,,,,,,,,,,,,,,,,,,,,,,,,,0,0,red,true,,,
26,part3-guilty,,16,24,0.9,red,true,,accuse_red,advance_to_next_trial,,,,,,,,,,,,,,,,,,,,,,,,,,,,,,,,,,,,,,,,,,,,,,,,,,,,,,,,,,,,,4788.3741000000255,5856.249900000248,,,,,,,,,,,,,,,,,,,,,,,,,,,,,,,,,,,,,,,,,,,,,,,,,,,,,,,,,,,,,,,,,,,,,,,,,,,,,,,,,,,,,,,,,,,,,,,,,,,,,,,,,,,,,,,,,,,,,,,,,0,0,red,true,,,
27,part3-guilty,,16,24,0.3,blue,true,,accuse_blue,advance_to_next_trial,,,,,,,,,,,,,,,,,,,,,,,,,,,,,,,,,,,,,,,,,,,,,,,,,,,,,,,,,,,,,3188.9786000001723,4274.55640000033,,,,,,,,,,,,,,,,,,,,,,,,,,,,,,,,,,,,,,,,,,,,,,,,,,,,,,,,,,,,,,,,,,,,,,,,,,,,,,,,,,,,,,,,,,,,,,,,,,,,,,,,,,,,,,,,,,,,,,,,,0,0,blue,true,,,
28,part3-guilty,,12,8,0.5,red,true,,investigate_blue,investigate_blue,investigate_blue,investigate_blue,investigate_blue,investigate_blue,investigate_blue,investigate_blue,accuse_red,advance_to_next_trial,,,,,,,,,,,,,,,,,,,,,,,,,,,,,,,,,,,,,,,,,,,,,,,,,,,,,2573.1220999998136,3090.0494999999273,3590.3561999999897,4106.756199999965,4606.776199999823,5123.282099999976,5639.265899999625,6521.499599999445,8903.846800000221,9953.466900000785,,,,,,,,,,,,,,,,,,,,,,,,,,,,,,,,,,,,,,,,,,,,,,,,,,,,,,,,,,,,,,,,,,,,,,,,,,,,,,,,,,,0,0,0,0,0,0,0,0,,,,,,,,,,,,,,,,,,,,,,,8,0,red,true,,,
29,part3-guilty,,12,8,0.9,blue,true,,accuse_red,advance_to_next_trial,,,,,,,,,,,,,,,,,,,,,,,,,,,,,,,,,,,,,,,,,,,,,,,,,,,,,,,,,,,,,3524.0391999997205,4890.707799999394,,,,,,,,,,,,,,,,,,,,,,,,,,,,,,,,,,,,,,,,,,,,,,,,,,,,,,,,,,,,,,,,,,,,,,,,,,,,,,,,,,,,,,,,,,,,,,,,,,,,,,,,,,,,,,,,,,,,,,,,,0,0,red,false,,,
30,part3-guilty,,48,32,0.5,blue,true,,investigate_blue,accuse_blue,advance_to_next_trial,,,,,,,,,,,,,,,,,,,,,,,,,,,,,,,,,,,,,,,,,,,,,,,,,,,,,,,,,,,,2424.301899999589,3821.8079999994243,4838.698999999906,,,,,,,,,,,,,,,,,,,,,,,,,,,,,,,,,,,,,,,,,,,,,,,,,,,,,,,,,,,,,,,,,,,,,,,,,,,,,,,,,,,,,,,,,,1,,,,,,,,,,,,,,,,,,,,,,,,,,,,,,1,1,blue,true,,,
31,part3-guilty,,24,16,0.7,red,true,,accuse_red,advance_to_next_trial,,,,,,,,,,,,,,,,,,,,,,,,,,,,,,,,,,,,,,,,,,,,,,,,,,,,,,,,,,,,,2324.2917000006873,3407.8515000013613,,,,,,,,,,,,,,,,,,,,,,,,,,,,,,,,,,,,,,,,,,,,,,,,,,,,,,,,,,,,,,,,,,,,,,,,,,,,,,,,,,,,,,,,,,,,,,,,,,,,,,,,,,,,,,,,,,,,,,,,,0,0,red,true,,,
32,part3-guilty,,16,24,0.7,red,true,,investigate_red,investigate_red,accuse_red,advance_to_next_trial,,,,,,,,,,,,,,,,,,,,,,,,,,,,,,,,,,,,,,,,,,,,,,,,,,,,,,,,,,,3838.2686000007666,4371.6994000006225,5471.233500000458,6772.0150000006615,,,,,,,,,,,,,,,,,,,,,,,,,,,,,,,,,,,,,,,,,,,,,,,,,,,,,,,,,,,0,1,,,,,,,,,,,,,,,,,,,,,,,,,,,,,,,,,,,,,,,,,,,,,,,,,,,,,,,,,,,2,1,red,true,,,
33,part3-guilty,,8,12,0.9,red,true,,accuse_red,advance_to_next_trial,,,,,,,,,,,,,,,,,,,,,,,,,,,,,,,,,,,,,,,,,,,,,,,,,,,,,,,,,,,,,3074.6310999996504,4109.728699999723,,,,,,,,,,,,,,,,,,,,,,,,,,,,,,,,,,,,,,,,,,,,,,,,,,,,,,,,,,,,,,,,,,,,,,,,,,,,,,,,,,,,,,,,,,,,,,,,,,,,,,,,,,,,,,,,,,,,,,,,,0,0,red,true,,,
34,part3-guilty,,64,96,0.1,blue,true,,accuse_blue,advance_to_next_trial,,,,,,,,,,,,,,,,,,,,,,,,,,,,,,,,,,,,,,,,,,,,,,,,,,,,,,,,,,,,,2222.2263999997876,3224.7426000000914,,,,,,,,,,,,,,,,,,,,,,,,,,,,,,,,,,,,,,,,,,,,,,,,,,,,,,,,,,,,,,,,,,,,,,,,,,,,,,,,,,,,,,,,,,,,,,,,,,,,,,,,,,,,,,,,,,,,,,,,,0,0,blue,true,,,
35,part3-guilty,,24,16,0.1,blue,true,,accuse_blue,advance_to_next_trial,,,,,,,,,,,,,,,,,,,,,,,,,,,,,,,,,,,,,,,,,,,,,,,,,,,,,,,,,,,,,2273.066599999811,3307.244999999952,,,,,,,,,,,,,,,,,,,,,,,,,,,,,,,,,,,,,,,,,,,,,,,,,,,,,,,,,,,,,,,,,,,,,,,,,,,,,,,,,,,,,,,,,,,,,,,,,,,,,,,,,,,,,,,,,,,,,,,,,0,0,blue,true,,,
36,part3-guilty,,48,32,0.9,red,true,,accuse_red,advance_to_next_trial,,,,,,,,,,,,,,,,,,,,,,,,,,,,,,,,,,,,,,,,,,,,,,,,,,,,,,,,,,,,,2073.4141000004247,3141.159400000306,,,,,,,,,,,,,,,,,,,,,,,,,,,,,,,,,,,,,,,,,,,,,,,,,,,,,,,,,,,,,,,,,,,,,,,,,,,,,,,,,,,,,,,,,,,,,,,,,,,,,,,,,,,,,,,,,,,,,,,,,0,0,red,true,,,
37,part3-guilty,,96,64,0.3,blue,true,,accuse_blue,advance_to_next_trial,,,,,,,,,,,,,,,,,,,,,,,,,,,,,,,,,,,,,,,,,,,,,,,,,,,,,,,,,,,,,2108.0366000000395,3641.611199999928,,,,,,,,,,,,,,,,,,,,,,,,,,,,,,,,,,,,,,,,,,,,,,,,,,,,,,,,,,,,,,,,,,,,,,,,,,,,,,,,,,,,,,,,,,,,,,,,,,,,,,,,,,,,,,,,,,,,,,,,,0,0,blue,true,,,
38,part3-guilty,,6,4,0.3,blue,true,,investigate_blue,investigate_blue,investigate_blue,investigate_blue,investigate_blue,investigate_blue,investigate_blue,accuse_blue,advance_to_next_trial,,,,,,,,,,,,,,,,,,,,,,,,,,,,,,,,,,,,,,,,,,,,,,,,,,,,,,2221.1865000004404,2770.9661000004717,3287.2360000004037,3787.7452000002813,4303.863400000168,4819.575099999828,5336.659499999784,6486.353099999597,7620.214099999352,,,,,,,,,,,,,,,,,,,,,,,,,,,,,,,,,,,,,,,,,,,,,,,,,,,,,,,,,,,,,,,,,,,,,,,,,,,,,,,,,,,,0,0,0,0,0,0,1,,,,,,,,,,,,,,,,,,,,,,,,7,1,blue,true,,,
39,part3-guilty,,4,6,0.5,blue,true,,investigate_red,investigate_red,investigate_red,investigate_red,investigate_red,investigate_red,investigate_red,investigate_red,investigate_red,investigate_red,investigate_red,accuse_blue,advance_to_next_trial,,,,,,,,,,,,,,,,,,,,,,,,,,,,,,,,,,,,,,,,,,,,,,,,,,2490.6468000000796,3006.6879000001345,3955.809200000505,4488.853800000388,5005.093700000388,5521.09570000025,6037.308900000852,6553.071300000857,7068.464500000742,7834.472000000924,8334.52740000097,10067.73320000084,11084.349700000954,,,,,,,,,,,,,,,,,,,,,,,,,,,,,,,,,,,,,,,,,,,,,,,,,,0,0,0,0,0,0,0,0,0,0,0,,,,,,,,,,,,,,,,,,,,,,,,,,,,,,,,,,,,,,,,,,,,,,,,,,11,0,blue,true,,,
40,part3-guilty,,16,24,0.1,blue,true,,accuse_blue,advance_to_next_trial,,,,,,,,,,,,,,,,,,,,,,,,,,,,,,,,,,,,,,,,,,,,,,,,,,,,,,,,,,,,,4490.410899999924,5524.206199999689,,,,,,,,,,,,,,,,,,,,,,,,,,,,,,,,,,,,,,,,,,,,,,,,,,,,,,,,,,,,,,,,,,,,,,,,,,,,,,,,,,,,,,,,,,,,,,,,,,,,,,,,,,,,,,,,,,,,,,,,,0,0,blue,true,,,
41,part3-guilty,,32,48,0.5,blue,true,,investigate_red,investigate_red,investigate_red,investigate_red,investigate_red,investigate_red,investigate_red,investigate_red,accuse_blue,advance_to_next_trial,,,,,,,,,,,,,,,,,,,,,,,,,,,,,,,,,,,,,,,,,,,,,,,,,,,,,2088.130099999788,2604.158699999679,3120.0802999996326,3636.596599999697,4219.803899999705,4736.020199999885,5868.818000000011,6552.120299999922,8602.207600000516,9619.170700001083,,,,,,,,,,,,,,,,,,,,,,,,,,,,,,,,,,,,,,,,,,,,,,,,,,,,,0,0,0,0,0,0,0,0,,,,,,,,,,,,,,,,,,,,,,,,,,,,,,,,,,,,,,,,,,,,,,,,,,,,,8,0,blue,true,,,
42,part3-guilty,,24,16,0.5,blue,true,,investigate_blue,investigate_blue,investigate_blue,accuse_blue,advance_to_next_trial,,,,,,,,,,,,,,,,,,,,,,,,,,,,,,,,,,,,,,,,,,,,,,,,,,,,,,,,,,4855.549200000144,5355.927199999938,6287.99669999983,7755.198799999707,8956.855799999694,,,,,,,,,,,,,,,,,,,,,,,,,,,,,,,,,,,,,,,,,,,,,,,,,,,,,,,,,,,,,,,,,,,,,,,,,,,,,,,,,,,,,,,,0,0,1,,,,,,,,,,,,,,,,,,,,,,,,,,,,3,1,blue,true,,,
43,part3-guilty,,32,48,0.9,red,true,,accuse_red,advance_to_next_trial,,,,,,,,,,,,,,,,,,,,,,,,,,,,,,,,,,,,,,,,,,,,,,,,,,,,,,,,,,,,,3372.824499999708,4423.259199999484,,,,,,,,,,,,,,,,,,,,,,,,,,,,,,,,,,,,,,,,,,,,,,,,,,,,,,,,,,,,,,,,,,,,,,,,,,,,,,,,,,,,,,,,,,,,,,,,,,,,,,,,,,,,,,,,,,,,,,,,,0,0,red,true,,,
44,part3-guilty,,48,32,0.3,blue,true,,accuse_blue,advance_to_next_trial,,,,,,,,,,,,,,,,,,,,,,,,,,,,,,,,,,,,,,,,,,,,,,,,,,,,,,,,,,,,,8937.791099999162,9938.57139999889,,,,,,,,,,,,,,,,,,,,,,,,,,,,,,,,,,,,,,,,,,,,,,,,,,,,,,,,,,,,,,,,,,,,,,,,,,,,,,,,,,,,,,,,,,,,,,,,,,,,,,,,,,,,,,,,,,,,,,,,,0,0,blue,true,,,
45,part3-guilty,,4,6,0.7,red,true,,investigate_red,accuse_red,advance_to_next_trial,,,,,,,,,,,,,,,,,,,,,,,,,,,,,,,,,,,,,,,,,,,,,,,,,,,,,,,,,,,,2458.0934999997507,3641.2313000001486,4824.803700000281,,,,,,,,,,,,,,,,,,,,,,,,,,,,,,,,,,,,,,,,,,,,,,,,,,,,,,,,,,,,1,,,,,,,,,,,,,,,,,,,,,,,,,,,,,,,,,,,,,,,,,,,,,,,,,,,,,,,,,,,,1,1,red,true,,,
46,part3-guilty,,8,12,0.7,blue,true,,investigate_red,investigate_red,investigate_red,investigate_red,investigate_red,investigate_red,investigate_red,investigate_red,investigate_red,investigate_red,accuse_blue,advance_to_next_trial,,,,,,,,,,,,,,,,,,,,,,,,,,,,,,,,,,,,,,,,,,,,,,,,,,,4321.366799999609,4937.262099999815,5453.89009999998,5970.47149999975,6904.181499999711,7453.351499999635,7954.1107999998785,8470.793399999939,9236.792599999757,10419.10479999969,11701.865199999394,12751.799699999174,,,,,,,,,,,,,,,,,,,,,,,,,,,,,,,,,,,,,,,,,,,,,,,,,,,0,0,0,0,0,0,0,0,0,0,,,,,,,,,,,,,,,,,,,,,,,,,,,,,,,,,,,,,,,,,,,,,,,,,,,10,0,blue,true,,,
47,part3-guilty,,8,12,0.1,blue,true,,accuse_blue,advance_to_next_trial,,,,,,,,,,,,,,,,,,,,,,,,,,,,,,,,,,,,,,,,,,,,,,,,,,,,,,,,,,,,,2357.1600000001717,3425.473800000245,,,,,,,,,,,,,,,,,,,,,,,,,,,,,,,,,,,,,,,,,,,,,,,,,,,,,,,,,,,,,,,,,,,,,,,,,,,,,,,,,,,,,,,,,,,,,,,,,,,,,,,,,,,,,,,,,,,,,,,,,0,0,blue,true,,,
48,part3-guilty,,8,12,0.3,red,true,,investigate_blue,investigate_blue,investigate_blue,investigate_blue,investigate_blue,investigate_blue,investigate_blue,investigate_blue,investigate_blue,investigate_blue,accuse_red,advance_to_next_trial,,,,,,,,,,,,,,,,,,,,,,,,,,,,,,,,,,,,,,,,,,,,,,,,,,,2888.7262999998165,3455.3508000000124,3971.6885000002553,4471.743300000111,4988.37750000029,5505.0465000003305,6403.627900000282,6953.441800000257,7470.001000000136,8002.859099999995,9185.820399999591,10436.9504999995,,,,,,,,,,,,,,,,,,,,,,,,,,,,,,,,,,,,,,,,,,,,,,,,,,,,,,,,,,,,,,,,,,,,,,,,,,,,,,,,,0,0,0,0,0,0,0,0,0,0,,,,,,,,,,,,,,,,,,,,,10,0,red,true,,,
49,part3-guilty,,4,6,0.1,blue,true,,investigate_blue,investigate_blue,accuse_blue,advance_to_next_trial,,,,,,,,,,,,,,,,,,,,,,,,,,,,,,,,,,,,,,,,,,,,,,,,,,,,,,,,,,,3047.5069000001513,3563.043900000279,5179.119900000605,6329.752899999985,,,,,,,,,,,,,,,,,,,,,,,,,,,,,,,,,,,,,,,,,,,,,,,,,,,,,,,,,,,,,,,,,,,,,,,,,,,,,,,,,,,,,,,,,0,1,,,,,,,,,,,,,,,,,,,,,,,,,,,,,2,1,blue,true,,,
50,part3-guilty,,12,8,0.3,blue,true,,investigate_blue,investigate_blue,investigate_blue,investigate_blue,investigate_blue,investigate_blue,investigate_blue,accuse_blue,advance_to_next_trial,,,,,,,,,,,,,,,,,,,,,,,,,,,,,,,,,,,,,,,,,,,,,,,,,,,,,,4254.5288000000655,4854.701000000306,5354.821600000214,5871.186499999862,6787.478799999882,7303.78379999984,7819.483000000012,9118.024599999711,11768.570499999658,,,,,,,,,,,,,,,,,,,,,,,,,,,,,,,,,,,,,,,,,,,,,,,,,,,,,,,,,,,,,,,,,,,,,,,,,,,,,,,,,,,,0,0,0,0,0,0,1,,,,,,,,,,,,,,,,,,,,,,,,7,1,blue,true,,,
Bonus Amount - Part 1,,,,,,,,,,,,,,,,,,,,,,,,,,,,,,,,,,,,,,,,,,,,,,,,,,,,,,,,,,,,,,,,,,,,,,,,,,,,,,,,,,,,,,,,,,,,,,,,,,,,,,,,,,,,,,,,,,,,,,,,,,,,,,,,,,,,,,,,,,,,,,,,,,,,,,,,,,,,,,,,,,,,,,,,,,,,,,,,,,,,,,,,,,,,,,,,,,,,,1000,2,
Bonus Amount - Part 2,,,,,,,,,,,,,,,,,,,,,,,,,,,,,,,,,,,,,,,,,,,,,,,,,,,,,,,,,,,,,,,,,,,,,,,,,,,,,,,,,,,,,,,,,,,,,,,,,,,,,,,,,,,,,,,,,,,,,,,,,,,,,,,,,,,,,,,,,,,,,,,,,,,,,,,,,,,,,,,,,,,,,,,,,,,,,,,,,,,,,,,,,,,,,,,,,,,,,1460,13,
Bonus Amount - Part 3,,,,,,,,,,,,,,,,,,,,,,,,,,,,,,,,,,,,,,,,,,,,,,,,,,,,,,,,,,,,,,,,,,,,,,,,,,,,,,,,,,,,,,,,,,,,,,,,,,,,,,,,,,,,,,,,,,,,,,,,,,,,,,,,,,,,,,,,,,,,,,,,,,,,,,,,,,,,,,,,,,,,,,,,,,,,,,,,,,,,,,,,,,,,,,,,,,,,,1500,37,
Total bonus paid out,,,,,,,,,,,,,,,,,,,,,,,,,,,,,,,,,,,,,,,,,,,,,,,,,,,,,,,,,,,,,,,,,,,,,,,,,,,,,,,,,,,,,,,,,,,,,,,,,,,,,,,,,,,,,,,,,,,,,,,,,,,,,,,,,,,,,,,,,,,,,,,,,,,,,,,,,,,,,,,,,,,,,,,,,,,,,,,,,,,,,,,,,,,,,,,,,,,,,,,495
